PS C:\Users\Paulo\Desktop\236901\ARMP-HW2> python run.py -map map2.json
50 0.06501436233520508 ((201, 69)), g,h:[56.87005768508882,1654.1463055002118], parent: ((202, 69))
1050 1.7313897609710693 ((85, 169)), g,h:[227.17871555019073,344.38350715445125], parent: ((86, 169))
2050 3.508784770965576 ((80, 164)), g,h:[228.35028842544452,411.82520563948003], parent: ((81, 164))
3050 5.297408580780029 ((124, 169)), g,h:[228.66399692442937,392.0459156782532], parent: ((123, 169))
4050 7.178399324417114 ((110, 154)), g,h:[207.86500705120588,470.7440918375928], parent: ((109, 154))
5050 9.072820663452148 ((80, 168)), g,h:[226.49242404917558,377.3592452822641], parent: ((81, 168))
6050 10.97124195098877 ((91, 152)), g,h:[208.86500705120588,488.3646178829912], parent: ((92, 152))
7050 12.881666898727417 ((130, 165)), g,h:[230.66399692442937,460.9772228646444], parent: ((129, 165))
8050 14.840101718902588 ((57, 189)), g,h:[261.11984104714526,443.846820423443], parent: ((58, 188))
9050 16.747525215148926 ((60, 206)), g,h:[276.29141392239904,404.4749683231337], parent: ((61, 205))
10050 18.67495369911194 ((65, 202)), g,h:[269.6345596729066,350.5709628591621], parent: ((66, 201))
11050 20.647603273391724 ((116, 152)), g,h:[209.5218613006983,505.96442562694074], parent: ((115, 152))
12050 22.58803415298462 ((62, 218)), g,h:[286.29141392239904,420.4759208325728], parent: ((63, 217))
13050 24.532471895217896 ((64, 192)), g,h:[258.87720036002594,368.78177829171545], parent: ((65, 191))
14050 26.532917022705078 ((123, 161)), g,h:[219.07821048680248,452.76925690687085], parent: ((122, 161))
15050 28.498353481292725 ((60, 209)), g,h:[276.94826817189147,410.0], parent: ((61, 208))
16050 30.529805898666382 ((59, 170)), g,h:[244.22034611053354,508.0354318352215], parent: ((60, 170))
17050 32.48924279212952 ((57, 183)), g,h:[251.60512242138392,462.3851208678757], parent: ((58, 182))
18050 34.4916877746582 ((55, 174)), g,h:[249.29141392239907,519.7114584074513], parent: ((56, 174))
19050 36.45212244987488 ((54, 199)), g,h:[268.2619766708763,460.10868281309365], parent: ((55, 198))
20050 38.51959705352783 ((81, 161)), g,h:[216.7350647362949,433.82023926967724], parent: ((82, 160))
21050 40.493035078048706 ((62, 223)), g,h:[288.36248173426463,444.1846462902562], parent: ((63, 222))
22050 42.51148271560669 ((97, 141)), g,h:[192.45079348883277,590.7622195096772], parent: ((98, 141))
23050 44.50892663002014 ((131, 160)), g,h:[224.07821048680248,506.0632371551998], parent: ((130, 160))
24050 46.50637078285217 ((106, 142)), g,h:[189.86500705120588,583.09518948453], parent: ((105, 141))
25050 48.55382561683655 ((59, 196)), g,h:[262.019335983757,411.9465984809196], parent: ((60, 195))
26050 50.86011219024658 ((79, 148)), g,h:[212.76450198781762,560.8029957123981], parent: ((80, 148))
27050 52.97757935523987 ((66, 192)), g,h:[254.5340546095184,349.2849839314596], parent: ((67, 191))
28050 55.108052492141724 ((91, 146)), g,h:[199.35028842544452,547.4486277268398], parent: ((92, 146))
29050 57.18251323699951 ((121, 147)), g,h:[205.76450198781762,570.087712549569], parent: ((120, 147))
30050 59.26598858833313 ((68, 165)), g,h:[229.63455967290665,474.23622805517505], parent: ((69, 165))
31050 61.373472929000854 ((57, 165)), g,h:[240.63455967290665,554.4366510251645], parent: ((58, 165))
32050 63.42350101470947 ((113, 168)), g,h:[218.5218613006983,345.39832078341084], parent: ((112, 168))
33050 65.37794160842896 ((118, 149)), g,h:[202.76450198781762,540.8326913195983], parent: ((117, 149))
34050 67.38438725471497 ((140, 162)), g,h:[228.97770542341422,551.7245689653489], parent: ((139, 162))
35050 69.42083978652954 ((110, 163)), g,h:[210.86500705120588,383.275357934736], parent: ((109, 162))
36050 71.41828322410583 ((141, 169)), g,h:[232.04877323527975,514.0038910358559], parent: ((140, 169))
37050 73.43173050880432 ((140, 161)), g,h:[226.56349186104111,558.6591089385369], parent: ((139, 161))
38050 75.50519061088562 ((110, 163)), g,h:[210.62236636408656,383.275357934736], parent: ((109, 163))
39050 77.51563930511475 ((132, 161)), g,h:[217.7350647362949,504.47993022517755], parent: ((131, 161))
40050 79.56109356880188 ((133, 155)), g,h:[215.07821048680248,558.0322571321482], parent: ((132, 155))
41050 81.60754895210266 ((107, 161)), g,h:[205.96551211459413,396.232255123179], parent: ((107, 160))
42050 83.59436202049255 ((109, 139)), g,h:[185.37972567696724,616.6036003787199], parent: ((108, 139))
43050 85.60033059120178 ((119, 138)), g,h:[192.62236636408656,648.459713474939], parent: ((118, 138))
44050 87.6732907295227 ((62, 240)), g,h:[303.60512242138395,551.7245689653489], parent: ((63, 239))
45050 89.67192602157593 ((132, 163)), g,h:[218.07821048680248,489.18299234540035], parent: ((131, 163))
46050 91.69666886329651 ((126, 145)), g,h:[200.5218613006983,608.3584469702053], parent: ((125, 145))
47050 93.75312662124634 ((127, 143)), g,h:[199.5218613006983,630.7138812488591], parent: ((126, 143))
48050 95.79157876968384 ((126, 161)), g,h:[212.17871555019073,468.72166581031865], parent: ((125, 160))
49050 97.80102467536926 ((115, 136)), g,h:[184.37972567696724,657.3431371817918], parent: ((114, 136))
50050 99.86948370933533 ((41, 186)), g,h:[265.33304448274185,606.3827174318213], parent: ((42, 186))
51050 101.9129376411438 ((122, 163)), g,h:[211.6934341759521,430.4648650006177], parent: ((121, 162))
52050 103.92238473892212 ((124, 146)), g,h:[196.1076477383252,590.9314681077662], parent: ((123, 146))
53050 105.96025133132935 ((132, 148)), g,h:[203.17871555019073,610.5735008989499], parent: ((131, 148))
54050 108.0377128124237 ((111, 141)), g,h:[184.3086578651017,600.1666435249463], parent: ((111, 140))
55050 110.00565910339355 ((139, 165)), g,h:[220.49242404917558,524.0229002629561], parent: ((138, 165))
56050 112.01466393470764 ((127, 143)), g,h:[194.6934341759521,630.7138812488591], parent: ((126, 143))
57050 114.0881245136261 ((152, 165)), g,h:[227.63455967290665,626.8173577685927], parent: ((151, 165))
58050 116.18159770965576 ((123, 156)), g,h:[203.45079348883277,496.4876634922564], parent: ((122, 155))
59050 118.22932696342468 ((127, 144)), g,h:[193.6934341759521,621.6912416947821], parent: ((126, 144))
60050 120.26277828216553 ((134, 143)), g,h:[199.1076477383252,663.7017402418047], parent: ((133, 143))
61050 122.32567119598389 ((115, 162)), g,h:[205.3086578651017,408.5339643163099], parent: ((114, 161))
62050 124.30010938644409 ((131, 154)), g,h:[203.9360748630714,554.7071299343465], parent: ((130, 153))
63050 126.3085548877716 ((149, 162)), g,h:[220.56349186104111,620.0806399170998], parent: ((148, 162))
64050 128.38403058052063 ((132, 140)), g,h:[193.27922061357899,680.0], parent: ((131, 140))
65050 130.38947868347168 ((131, 162)), g,h:[211.6934341759521,490.40799340956914], parent: ((130, 162))
66050 132.43493604660034 ((145, 160)), g,h:[215.49242404917558,602.0797289396147], parent: ((144, 160))
67050 134.47338891029358 ((150, 162)), g,h:[218.97770542341422,628.0127387243033], parent: ((149, 161))
68050 136.55119824409485 ((152, 151)), g,h:[215.83556979968316,714.49282711585], parent: ((151, 151))
69050 138.54163932800293 ((116, 139)), g,h:[181.0660171779824,630.6346010171025], parent: ((115, 138))
70050 140.54908895492554 ((131, 138)), g,h:[189.20815280171345,693.1810730249349], parent: ((130, 138))
71050 142.61254739761353 ((133, 134)), g,h:[188.37972567696724,737.9024325749306], parent: ((132, 134))
72050 144.65300250053406 ((128, 165)), g,h:[211.20815280171345,448.2186966202994], parent: ((127, 164))
73050 146.6394443511963 ((124, 141)), g,h:[186.13708498984792,636.9458375717671], parent: ((123, 141))
74050 148.65000772476196 ((141, 148)), g,h:[200.76450198781762,662.1933252457322], parent: ((140, 148))
75050 150.76747870445251 ((157, 162)), g,h:[221.39191898578733,685.054742338158], parent: ((156, 162))
76050 152.84894108772278 ((129, 158)), g,h:[203.79393923934035,510.3920062069938], parent: ((128, 157))
77050 154.84110498428345 ((143, 155)), g,h:[207.17871555019073,622.4146527838174], parent: ((142, 155))
78050 156.8585615158081 ((152, 152)), g,h:[211.42135623731005,707.6722405181653], parent: ((151, 152))
79050 158.97220087051392 ((161, 160)), g,h:[222.56349186104111,729.4518489934753], parent: ((160, 160))
80050 161.0016520023346 ((124, 148)), g,h:[190.8944443027286,572.7128425310541], parent: ((123, 147))
81050 162.99309420585632 ((126, 135)), g,h:[179.3086578651017,700.0714249274856], parent: ((125, 135))
82050 165.0105414390564 ((130, 129)), g,h:[177.8944443027286,770.7788269017254], parent: ((129, 129))
83050 167.1234529018402 ((159, 153)), g,h:[215.66399692442937,754.3208866258443], parent: ((158, 153))
84050 169.1268982887268 ((138, 158)), g,h:[206.45079348883277,566.3920903402518], parent: ((137, 158))
85050 171.15834951400757 ((149, 156)), g,h:[208.42135623731005,658.5590330410782], parent: ((148, 155))
86050 173.23297905921936 ((128, 130)), g,h:[173.72287142747481,753.9230729988305], parent: ((127, 129))
87050 175.35444927215576 ((36, 167)), g,h:[262.46298679765283,720.0694410957876], parent: ((37, 167))
88050 177.35589385032654 ((141, 159)), g,h:[207.86500705120588,579.827560572969], parent: ((140, 159))
89050 179.3813440799713 ((136, 141)), g,h:[187.20815280171345,691.158447825099], parent: ((135, 140))
90050 181.46181631088257 ((124, 124)), g,h:[165.23759005323618,796.994353806851], parent: ((123, 123))
91050 183.57628560066223 ((29, 193)), g,h:[280.2325394193536,713.4423592694787], parent: ((30, 193))
92050 185.56772804260254 ((148, 166)), g,h:[216.35028842544452,588.2176467941097], parent: ((147, 165))
93050 187.59517812728882 ((152, 156)), g,h:[208.00714267493694,681.1754546370561], parent: ((151, 155))
94050 189.6516351699829 ((143, 133)), g,h:[186.55129855222103,796.1155694998057], parent: ((142, 133))
95050 191.77510595321655 ((96, 118)), g,h:[182.16652224137064,820.9750300709517], parent: ((97, 118))
96050 193.78955340385437 ((124, 141)), g,h:[180.58073580374375,636.9458375717671], parent: ((123, 140))
97050 195.8110032081604 ((137, 140)), g,h:[184.96551211459413,704.9113419430843], parent: ((136, 139))
98050 197.87646198272705 ((153, 143)), g,h:[198.6934341759521,778.3315488916019], parent: ((152, 143))
99050 200.03594136238098 ((54, 137)), g,h:[232.03657992645967,780.0640999302557], parent: ((55, 137))
100050 202.05739045143127 ((137, 154)), g,h:[198.13708498984792,590.3388857258177], parent: ((136, 153))
101050 204.07883954048157 ((161, 164)), g,h:[218.07821048680248,708.3078426785913], parent: ((160, 163))
102050 206.11529183387756 ((158, 150)), g,h:[204.59292911256384,765.7675887630659], parent: ((157, 150))
103050 208.23476266860962 ((53, 252)), g,h:[319.3330444827419,700.9279563550023], parent: ((54, 251))
104050 210.29021835327148 ((139, 156)), g,h:[200.13708498984792,587.962583843564], parent: ((138, 155))
105050 212.3136682510376 ((152, 154)), g,h:[203.5218613006983,694.2621983083914], parent: ((151, 153))
106050 214.34011840820312 ((138, 131)), g,h:[174.72287142747481,787.7182237323191], parent: ((137, 130))
107050 216.4275825023651 ((133, 121)), g,h:[164.40916292848996,856.1541917201598], parent: ((132, 121))
108050 218.50104308128357 ((140, 157)), g,h:[200.72287142747481,587.2818744010409], parent: ((139, 156))
109050 220.51649022102356 ((127, 128)), g,h:[166.33809511662443,768.9603370785778], parent: ((126, 127))
110050 222.52893733978271 ((129, 120)), g,h:[159.75230867899754,850.9406559801923], parent: ((128, 120))
111050 224.60539841651917 ((152, 135)), g,h:[187.20815280171345,832.4061508662703], parent: ((151, 135))
112050 226.68686079978943 ((140, 157)), g,h:[199.8944443027286,587.2818744010409], parent: ((139, 156))
113050 228.78032541275024 ((156, 157)), g,h:[206.5218613006983,706.0453243241541], parent: ((155, 156))
114050 230.808776140213 ((151, 136)), g,h:[186.37972567696724,818.3520025025906], parent: ((150, 136))
115050 232.8912386894226 ((155, 138)), g,h:[189.45079348883277,828.7943049997388], parent: ((154, 138))
116050 234.95869779586792 ((134, 150)), g,h:[190.16652224137064,604.648658313239], parent: ((133, 150))
117050 237.00015115737915 ((150, 149)), g,h:[195.79393923934035,714.2128534267638], parent: ((149, 149))
118050 239.0495581626892 ((142, 129)), g,h:[172.4802307403555,824.9242389456138], parent: ((141, 129))
119050 241.28645372390747 ((151, 134)), g,h:[181.79393923934035,834.0863264674706], parent: ((150, 134))
120050 243.4338779449463 ((134, 150)), g,h:[188.75230867899754,604.648658313239], parent: ((133, 149))
121050 245.53234457969666 ((151, 149)), g,h:[195.37972567696724,721.2489168102785], parent: ((150, 149))
122050 247.64468955993652 ((129, 115)), g,h:[151.681240867132,898.1091247727081], parent: ((128, 114))
123050 249.7891664505005 ((158, 141)), g,h:[189.6934341759521,827.3451516749221], parent: ((157, 140))
124050 251.8686285018921 ((131, 146)), g,h:[183.2670273047589,622.6556030423238], parent: ((130, 146))
125050 253.96809458732605 ((158, 156)), g,h:[203.86500705120588,728.0109889280518], parent: ((157, 155))
126050 256.01554894447327 ((150, 134)), g,h:[179.13708498984792,828.0096617793781], parent: ((149, 134))
127050 258.1610255241394 ((155, 136)), g,h:[182.62236636408656,843.8601779915912], parent: ((154, 135))
128050 260.261492729187 ((143, 156)), g,h:[197.40916292848996,615.223536610881], parent: ((142, 156))
129050 262.3709602355957 ((147, 142)), g,h:[185.0660171779824,746.5252842335616], parent: ((146, 142))
130050 264.41641569137573 ((160, 143)), g,h:[190.86500705120588,827.5868534480232], parent: ((159, 142))
131050 266.522882938385 ((154, 131)), g,h:[177.55129855222103,876.184911990614], parent: ((153, 131))
132050 268.6493549346924 ((149, 161)), g,h:[203.4802307403555,626.2587324740471], parent: ((148, 160))
133050 270.7338185310364 ((149, 142)), g,h:[185.0660171779824,759.2759709091287], parent: ((148, 142))
134050 272.7792727947235 ((165, 146)), g,h:[195.1076477383252,845.0443775329198], parent: ((164, 145))
135050 274.85373306274414 ((159, 132)), g,h:[180.96551211459413,900.2777349240623], parent: ((158, 132))
136050 276.9561998844147 ((150, 159)), g,h:[201.0660171779824,646.6065264130884], parent: ((149, 158))
137050 279.0126564502716 ((138, 129)), g,h:[166.681240867132,805.2949770115297], parent: ((137, 129))
138050 281.032105922699 ((162, 140)), g,h:[187.03657992645967,862.7861844049197], parent: ((161, 139))
139050 283.08956265449524 ((147, 117)), g,h:[160.75230867899754,953.8343671728336], parent: ((146, 117))
140050 285.19402956962585 ((151, 156)), g,h:[198.23759005323618,673.5725647619564], parent: ((150, 156))
141050 287.24548530578613 ((153, 141)), g,h:[184.0660171779824,793.0952023559341], parent: ((152, 141))
142050 289.23892879486084 ((156, 128)), g,h:[174.0660171779824,912.1403400793104], parent: ((155, 128))
143050 291.3353941440582 ((108, 106)), g,h:[165.19595949289337,943.3981132056604], parent: ((109, 106))
144050 293.44986367225647 ((161, 169)), g,h:[213.96551211459413,684.2514157822402], parent: ((160, 168))
145050 295.51432156562805 ((164, 149)), g,h:[195.79393923934035,818.3520025025906], parent: ((163, 149))
146050 297.51576685905457 ((145, 118)), g,h:[156.33809511662443,935.3608929178085], parent: ((144, 117))
147050 299.6192343235016 ((161, 124)), g,h:[173.65180361560928,974.5255255764212], parent: ((160, 124))
148050 301.72270154953003 ((144, 141)), g,h:[178.0954544295051,736.0027173862879], parent: ((143, 140))
149050 303.7701561450958 ((163, 144)), g,h:[189.55129855222103,842.9116205154606], parent: ((162, 144))
150050 305.7655985355377 ((144, 112)), g,h:[150.8528137423858,983.8699100999075], parent: ((143, 112))
151050 307.85838079452515 ((137, 161)), g,h:[194.36753236814715,537.5872022286245], parent: ((136, 160))
152050 310.0388650894165 ((166, 164)), g,h:[209.37972567696724,751.7978451685001], parent: ((165, 163))
153050 312.095321893692 ((159, 135)), g,h:[178.0660171779824,877.8382538941898], parent: ((158, 135))
154050 314.12177205085754 ((144, 109)), g,h:[147.02438661763958,1010.7917688624102], parent: ((143, 109))
155050 316.2432429790497 ((151, 161)), g,h:[199.33809511662443,642.0280367709809], parent: ((150, 160))
156050 318.38571882247925 ((150, 136)), g,h:[174.50966799187822,812.1576201698781], parent: ((149, 136))
157050 320.46718096733093 ((161, 132)), g,h:[174.4802307403555,913.5097153287425], parent: ((160, 131))
158050 322.5206365585327 ((149, 110)), g,h:[149.8528137423858,1024.7438704378767], parent: ((148, 110))
159050 324.6571111679077 ((162, 168)), g,h:[210.0660171779824,697.7105417004964], parent: ((161, 167))
160050 326.71956968307495 ((143, 123)), g,h:[157.78174593052026,881.9297024139736], parent: ((142, 123))
161050 328.7430191040039 ((156, 117)), g,h:[159.50966799187822,1001.2492197250392], parent: ((155, 117))
162050 330.8434855937958 ((25, 145)), g,h:[264.35028842544455,930.0537618869137], parent: ((26, 145))
163050 332.96795749664307 ((166, 163)), g,h:[205.8944443027286,756.6372975210778], parent: ((165, 162))
164050 335.0254137516022 ((141, 114)), g,h:[147.12489168102783,952.732911156112], parent: ((140, 114))
165050 337.079870223999 ((169, 126)), g,h:[173.0660171779824,1011.7806086301516], parent: ((168, 126))
166050 339.2223470211029 ((142, 154)), g,h:[186.12489168102783,622.8964600958975], parent: ((141, 153))
167050 341.4498407840729 ((164, 149)), g,h:[190.23759005323618,818.3520025025906], parent: ((163, 148))
168050 343.53430461883545 ((157, 123)), g,h:[161.92388155425132,958.0187889597992], parent: ((156, 123))
169050 345.6167676448822 ((152, 108)), g,h:[146.02438661763958,1056.7875850898324], parent: ((151, 108))
170050 347.8232572078705 ((151, 147)), g,h:[182.61017305526647,735.5270219373317], parent: ((150, 147))
171050 349.9587314128876 ((149, 125)), g,h:[159.19595949289337,895.8794561770015], parent: ((148, 124))
172050 352.0141878128052 ((166, 120)), g,h:[164.75230867899754,1037.111372997134], parent: ((165, 120))
173050 354.2176764011383 ((11, 223)), g,h:[310.6589462905468,919.2388155425118], parent: ((12, 222))
174050 356.4709780216217 ((157, 142)), g,h:[179.2670273047589,813.203541556479], parent: ((156, 142))
175050 358.5864477157593 ((144, 110)), g,h:[141.29646455628162,1001.7983829094555], parent: ((143, 109))
176050 360.6929063796997 ((145, 100)), g,h:[131.71067811865473,1096.5856099730654], parent: ((144, 99))
177050 362.962411403656 ((145, 142)), g,h:[172.88225099390854,734.0980860893181], parent: ((144, 141))
178050 365.17324709892273 ((168, 142)), g,h:[182.99494936611688,893.7561188601733], parent: ((167, 142))
179050 367.2737138271332 ((169, 121)), g,h:[164.16652224137067,1048.9041900955492], parent: ((168, 121))
180050 369.4632341861725 ((6, 207)), g,h:[309.0315292925771,942.6027795418386], parent: ((7, 206))
181050 371.73473834991455 ((163, 148)), g,h:[185.50966799187825,816.884324736373], parent: ((162, 147))
182050 373.9014005661011 ((158, 120)), g,h:[156.0243866176396,988.1295461628499], parent: ((157, 120))
183050 376.0498774051666 ((166, 117)), g,h:[155.75230867899754,1060.4244433244644], parent: ((165, 116))
184050 378.2693705558777 ((159, 157)), g,h:[192.0243866176396,730.0684899377592], parent: ((158, 156))
185050 380.47986102104187 ((162, 132)), g,h:[168.26702730475893,920.2173656261873], parent: ((161, 131))
186050 382.55032110214233 ((166, 114)), g,h:[153.68124086713203,1084.066418629412], parent: ((165, 114))
187050 384.73880767822266 ((119, 89)), g,h:[151.29646455628165,1126.1438629233835], parent: ((120, 90))
188050 386.9873061180115 ((160, 137)), g,h:[172.19595949289342,870.0], parent: ((159, 137))
189050 389.0897731781006 ((160, 115)), g,h:[149.61017305526653,1040.4326023342405], parent: ((159, 114))
190050 391.19624161720276 ((57, 283)), g,h:[348.6761902332495,934.7726996441435], parent: ((58, 282))
191050 393.4392476081848 ((162, 155)), g,h:[189.61017305526656,766.0939890117922], parent: ((161, 154))
192050 395.59476256370544 ((155, 118)), g,h:[150.2964645562817,987.3702446397704], parent: ((154, 118))
193050 397.6719307899475 ((167, 120)), g,h:[156.681240867132,1043.5037134576953], parent: ((166, 119))
194050 399.8664298057556 ((148, 139)), g,h:[166.98275605729685,776.2087348130012], parent: ((148, 138))
195050 402.16197657585144 ((153, 124)), g,h:[154.63961030678928,926.5527507918802], parent: ((152, 124))
196050 404.25984835624695 ((153, 101)), g,h:[131.05382386916233,1122.9425630903836], parent: ((152, 100))
197050 406.42991375923157 ((89, 89)), g,h:[178.81118318204307,1115.437134042076], parent: ((90, 90))
198050 408.6930024623871 ((155, 136)), g,h:[166.0538238691624,843.8601779915912], parent: ((154, 135))
199050 410.81948161125183 ((166, 120)), g,h:[154.61017305526656,1037.111372997134], parent: ((165, 119))
200050 412.9239490032196 ((1, 177)), g,h:[301.6051224213839,1016.366075781753], parent: ((2, 177))
201050 415.123437166214 ((162, 160)), g,h:[192.12489168102795,737.8346698278687], parent: ((161, 159))
202050 417.28191614151 ((168, 127)), g,h:[162.19595949289348,997.6472322419384], parent: ((167, 127))
203050 419.4033873081207 ((1, 172)), g,h:[299.53405460951836,1028.8342918079666], parent: ((2, 172))
204050 421.6395139694214 ((155, 150)), g,h:[178.39696961967002,743.3034373659252], parent: ((154, 149))
205050 423.815997838974 ((165, 123)), g,h:[155.53910524340108,1007.670581092849], parent: ((164, 122))
206050 425.95647835731506 ((102, 296)), g,h:[380.3330444827419,960.2083107326243], parent: ((101, 295))
207050 428.18048214912415 ((166, 169)), g,h:[201.12489168102798,729.1776189653656], parent: ((165, 168))
208050 430.31395649909973 ((166, 120)), g,h:[152.71067811865487,1037.111372997134], parent: ((165, 120))
209050 432.4024200439453 ((160, 93)), g,h:[123.81118318204304,1226.7436570041843], parent: ((159, 93))
210050 434.6289143562317 ((166, 159)), g,h:[190.29646455628176,776.9813382572324], parent: ((165, 158))
211050 436.7803921699524 ((159, 107)), g,h:[135.9827560572969,1101.3627921806692], parent: ((158, 107))
212050 438.90186381340027 ((139, 85)), g,h:[126.32590180780448,1214.3310915891102], parent: ((140, 86))
213050 441.0453429222107 ((156, 131)), g,h:[157.3259018078045,888.6506625215557], parent: ((155, 130))
214050 443.07779335975647 ((166, 104)), g,h:[134.46803743153546,1164.989270336856], parent: ((165, 103))
215050 445.17874026298523 ((110, 78)), g,h:[157.39696961967005,1224.0914998479484], parent: ((111, 79))
216050 447.2912087440491 ((157, 115)), g,h:[141.49747468305833,1023.4256201600583], parent: ((156, 115))
217050 449.2706482410431 ((47, 96)), g,h:[222.05382386916233,1167.2617529928752], parent: ((48, 96))
218050 451.3871190547943 ((167, 161)), g,h:[190.2253967444163,775.2418977325722], parent: ((166, 160))
219050 453.4075782299042 ((161, 99)), g,h:[126.32590180780448,1179.9152511939153], parent: ((160, 99))
220050 455.44403076171875 ((127, 296)), g,h:[405.3330444827419,997.2462083156797], parent: ((126, 295))
221050 457.5004873275757 ((161, 115)), g,h:[140.91168824543144,1046.2313319720452], parent: ((160, 114))
222050 459.4769263267517 ((109, 79)), g,h:[155.49747468305833,1213.3424908079335], parent: ((110, 80))
223050 461.55838894844055 ((160, 133)), g,h:[157.66904755831214,899.388681271896], parent: ((159, 132))
224050 463.5168237686157 ((107, 74)), g,h:[159.56854249492386,1261.9429464123962], parent: ((108, 75))
225050 465.56727933883667 ((163, 164)), g,h:[189.08326112068528,725.6031973468694], parent: ((162, 163))
226050 467.56772351264954 ((163, 92)), g,h:[117.08326112068521,1250.3199590504823], parent: ((162, 91))
227050 469.5661675930023 ((1, 249)), g,h:[337.8721497261434,1104.6266337545912], parent: ((2, 248))
228050 471.5276029109955 ((162, 95)), g,h:[119.42640687119284,1219.3850909372313], parent: ((161, 95))
229050 473.49003863334656 ((131, 72)), g,h:[133.91168824543146,1317.0041761513135], parent: ((132, 73))
230050 475.4349751472473 ((169, 102)), g,h:[127.91168824543139,1198.5407794480752], parent: ((168, 101))
231050 477.44100522994995 ((66, 78)), g,h:[195.59797974644664,1266.491215919005], parent: ((67, 78))
232050 479.369432926178 ((169, 96)), g,h:[121.08326112068521,1248.0785231707177], parent: ((168, 95))
233050 481.3448820114136 ((19, 277)), g,h:[358.4163056034275,1117.5866856758807], parent: ((20, 276))
234050 483.2525038719177 ((104, 68)), g,h:[160.91168824543146,1320.6059215375342], parent: ((105, 69))
235050 485.22659039497375 ((164, 122)), g,h:[143.35533905932738,1008.9598604503551], parent: ((164, 121))
236050 487.1397342681885 ((114, 71)), g,h:[148.0121933088198,1297.5746606650423], parent: ((115, 72))
237050 489.123174905777 ((166, 108)), g,h:[129.35533905932738,1132.2543883774529], parent: ((165, 107))
238050 491.05060267448425 ((142, 68)), g,h:[120.42640687119284,1385.2075656738234], parent: ((143, 69))
239050 492.98703241348267 ((137, 72)), g,h:[122.94112549695429,1332.4038426843417], parent: ((138, 73))
240050 494.96149015426636 ((169, 98)), g,h:[118.94112549695429,1231.4625451064276], parent: ((168, 97))
241050 496.9599516391754 ((114, 62)), g,h:[149.25483399593918,1387.0832707519762], parent: ((115, 63))
242050 498.8568203449249 ((148, 67)), g,h:[112.35533905932738,1413.966053340744], parent: ((149, 68))
243050 500.73323702812195 ((110, 64)), g,h:[150.76955262170054,1363.6715146984627], parent: ((111, 65))
244050 502.6386604309082 ((92, 66)), g,h:[167.11269837220814,1342.3859355639868], parent: ((93, 67))
245050 504.5440835952759 ((5, 277)), g,h:[364.21529547665097,1222.8654872879517], parent: ((6, 276))
246050 506.37949109077454 ((14, 291)), g,h:[374.487373415293,1252.078272313676], parent: ((15, 290))
247050 508.18090558052063 ((188, 67)), g,h:[70.69848480983501,1594.7727110782903], parent: ((189, 68))
248050 510.02636647224426 ((61, 55)), g,h:[202.66904755831231,1501.5325504297268], parent: ((62, 56))
249050 511.8033950328827 ((83, 45)), g,h:[184.8111831820432,1559.2947123619704], parent: ((84, 46))
250050 513.5696821212769 ((174, 48)), g,h:[92.56854249492376,1690.5620367203328], parent: ((175, 49))
251050 515.337096452713 ((153, 38)), g,h:[117.71067811865468,1704.494059831245], parent: ((154, 39))
252050 517.2014124393463 ((16, 62)), g,h:[244.76955262170057,1615.5494421403512], parent: ((17, 63))
253050 519.0078139305115 ((123, 64)), g,h:[136.11269837220814,1379.3114224133724], parent: ((124, 65))
254050 520.9432437419891 ((76, 59)), g,h:[185.18376618407368,1430.2796929272263], parent: ((77, 60))
255050 522.9336857795715 ((175, 59)), g,h:[86.18376618407355,1597.0597985047398], parent: ((176, 60))
256050 525.0099890232086 ((110, 42)), g,h:[158.22539674441632,1583.161394173064], parent: ((111, 43))
257050 527.0374388694763 ((24, 64)), g,h:[235.11269837220814,1557.9473675320357], parent: ((25, 65))
258050 529.0778920650482 ((105, 33)), g,h:[166.95331880577405,1670.7483353276161], parent: ((106, 34))
259050 531.1263468265533 ((148, 31)), g,h:[124.78174593052013,1756.843760839307], parent: ((149, 32))
260050 532.9897613525391 ((119, 60)), g,h:[140.94112549695438,1412.834031300209], parent: ((120, 61))
261050 534.9762027263641 ((102, 52)), g,h:[161.25483399593924,1480.1351289662712], parent: ((103, 53))
262050 537.0081942081451 ((131, 46)), g,h:[134.74011537017762,1570.8914666519772], parent: ((132, 47))
263050 539.0946619510651 ((198, 61)), g,h:[61.52691193458118,1700.7351351694947], parent: ((199, 62))
264050 541.1626489162445 ((136, 36)), g,h:[133.88225099390854,1679.0473489452284], parent: ((137, 37))
265050 543.2591226100922 ((192, 47)), g,h:[73.32590180780447,1785.3010950537168], parent: ((193, 48))
266050 545.3287000656128 ((87, 29)), g,h:[185.7817459305205,1714.9344010777786], parent: ((88, 30))
267050 547.2295260429382 ((100, 58)), g,h:[159.94112549695438,1420.0], parent: ((101, 59))
268050 549.2659785747528 ((54, 62)), g,h:[204.28427124746196,1454.6477236774545], parent: ((55, 63))
269050 551.2994303703308 ((102, 44)), g,h:[163.74011537017768,1560.1281998605114], parent: ((103, 45))
270050 553.4209015369415 ((26, 64)), g,h:[231.45584412271575,1548.2893786369525], parent: ((27, 65))
271050 555.5638957023621 ((40, 51)), g,h:[222.84062043356593,1606.268968759591], parent: ((41, 51))
272050 557.718373298645 ((91, 31)), g,h:[180.12489168102783,1692.3947530053383], parent: ((92, 32))
273050 559.7874751091003 ((2, 66)), g,h:[254.62741699796953,1660.1204775557708], parent: ((3, 66))
274050 561.6859021186829 ((90, 58)), g,h:[169.11269837220817,1423.5167719419396], parent: ((91, 59))
275050 563.7903695106506 ((64, 57)), g,h:[195.52691193458128,1474.6185947559457], parent: ((65, 58))
276050 565.8328261375427 ((60, 52)), g,h:[201.5979797464468,1533.101431738944], parent: ((61, 53))
277050 567.8981690406799 ((113, 37)), g,h:[154.8111831820432,1635.1758315239374], parent: ((114, 38))
278050 569.9866333007812 ((203, 55)), g,h:[57.355339059327356,1778.594951077957], parent: ((204, 56))
279050 572.0931127071381 ((41, 45)), g,h:[223.49747468305836,1658.493292117879], parent: ((42, 46))
280050 574.1866571903229 ((235, 69)), g,h:[25.213203435596434,1881.116689628796], parent: ((235, 68))
281050 576.064647436142 ((139, 58)), g,h:[119.28427124746189,1472.582765076381], parent: ((140, 59))
282050 578.0796451568604 ((52, 61)), g,h:[205.04163056034264,1470.5441169852743], parent: ((53, 62))
283050 580.109090089798 ((96, 43)), g,h:[168.49747468305856,1570.5094714773293], parent: ((97, 44))
284050 582.146541595459 ((52, 49)), g,h:[210.01219330881992,1584.4557425185471], parent: ((53, 50))
285050 584.2263476848602 ((106, 32)), g,h:[163.05382386916256,1681.071087134628], parent: ((107, 33))
286050 586.3548204898834 ((132, 28)), g,h:[138.71067811865476,1749.5142182903232], parent: ((133, 29))
287050 588.4632892608643 ((205, 45)), g,h:[58.669047558312094,1872.1645226849055], parent: ((206, 46))
288050 590.3427095413208 ((79, 61)), g,h:[177.21320343559645,1405.7738082636197], parent: ((80, 62))
289050 592.3301508426666 ((115, 48)), g,h:[146.5979797464468,1527.3833834371774], parent: ((116, 49))
290050 594.347599029541 ((89, 44)), g,h:[174.25483399593926,1563.873396410336], parent: ((90, 45))
291050 596.4150581359863 ((140, 38)), g,h:[125.74011537017755,1668.6521506892923], parent: ((141, 39))
292050 598.4825172424316 ((73, 37)), g,h:[193.15432893255078,1652.2106403240477], parent: ((74, 38))
293050 600.591061592102 ((118, 27)), g,h:[152.29646455628182,1739.3389548906216], parent: ((119, 28))
294050 602.6735236644745 ((112, 23)), g,h:[159.95331880577424,1774.0631330367023], parent: ((113, 24))
295050 604.583948135376 ((115, 59)), g,h:[141.21320343559648,1417.9562757715769], parent: ((116, 60))
296050 606.5403826236725 ((155, 54)), g,h:[103.28427124746189,1560.1602481796542], parent: ((156, 55))
297050 608.543705701828 ((172, 52)), g,h:[87.11269837220807,1645.8432489152788], parent: ((173, 53))
298050 610.5821597576141 ((138, 38)), g,h:[126.91168824543136,1663.9711535961192], parent: ((139, 39))
299050 612.6406168937683 ((78, 36)), g,h:[187.7401153701779,1654.6903033498443], parent: ((79, 37))
300050 614.7011637687683 ((80, 31)), g,h:[187.81118318204344,1701.7931719218996], parent: ((81, 32))
301050 616.7996299266815 ((30, 45)), g,h:[232.01219330881997,1700.7351351694947], parent: ((31, 46))
302050 618.8080761432648 ((225, 52)), g,h:[34.1126983722081,1937.2403051764127], parent: ((226, 53))
303050 620.7469987869263 ((155, 56)), g,h:[101.62741699796952,1541.460346554526], parent: ((156, 57))
304050 622.7744493484497 ((145, 46)), g,h:[115.76955262170044,1604.400199451496], parent: ((146, 47))
305050 624.8449091911316 ((32, 60)), g,h:[222.97056274847716,1556.4061166674974], parent: ((33, 61))
306050 626.9116804599762 ((187, 47)), g,h:[73.35533905932735,1760.0568172647154], parent: ((188, 48))
307050 629.0171480178833 ((190, 43)), g,h:[72.01219330881972,1809.6684779262748], parent: ((191, 44))
308050 631.0906145572662 ((24, 49)), g,h:[235.52691193458134,1690.4733065032408], parent: ((25, 50))
309050 633.224978685379 ((159, 24)), g,h:[110.88225099390847,1856.2596801094398], parent: ((160, 25))
310050 635.1033964157104 ((136, 57)), g,h:[119.38477631085023,1474.6185947559457], parent: ((137, 58))
311050 637.1268455982208 ((76, 51)), g,h:[181.8700576850889,1509.205088780183], parent: ((77, 52))
312050 639.2103085517883 ((177, 51)), g,h:[80.87005768508878,1677.2000476985445], parent: ((178, 52))
313050 641.2769703865051 ((68, 41)), g,h:[194.01219330881997,1621.8816233005416], parent: ((69, 42))
314050 643.3929028511047 ((193, 46)), g,h:[66.94112549695424,1799.0275150758534], parent: ((194, 47))
315050 645.5133740901947 ((181, 36)), g,h:[83.08326112068517,1829.1254740995762], parent: ((182, 37))
316050 647.6358456611633 ((78, 25)), g,h:[190.63961030678942,1763.774361986249], parent: ((79, 26))
317050 649.6802990436554 ((158, 21)), g,h:[112.29646455628155,1881.6216410320114], parent: ((159, 22))
318050 651.5887820720673 ((119, 50)), g,h:[138.45584412271577,1511.9854496654393], parent: ((120, 50))
319050 653.6152324676514 ((146, 45)), g,h:[113.52691193458115,1616.8178623456631], parent: ((147, 46))
320050 655.6616871356964 ((54, 48)), g,h:[204.28427124746202,1588.0806024884255], parent: ((55, 49))
321050 657.7191433906555 ((48, 45)), g,h:[211.52691193458134,1634.900608599801], parent: ((49, 46))
322050 659.7920844554901 ((62, 35)), g,h:[201.6690475583124,1693.1922513406446], parent: ((63, 36))
323050 661.9508635997772 ((204, 43)), g,h:[56.355339059327335,1883.2153355365392], parent: ((205, 44))
324050 664.1053426265717 ((99, 19)), g,h:[171.29646455628185,1810.0276240985936], parent: ((100, 20))
325050 666.07044506073 ((123, 58)), g,h:[130.31370849898477,1438.5061696079026], parent: ((124, 58))
326050 668.0678889751434 ((133, 47)), g,h:[124.87005768508878,1565.1836952894698], parent: ((134, 48))
327050 670.0897989273071 ((85, 42)), g,h:[174.94112549695447,1587.1042813879624], parent: ((86, 43))
328050 672.1362535953522 ((94, 35)), g,h:[168.8406204335662,1651.0905486980416], parent: ((95, 36))
329050 674.2521209716797 ((147, 31)), g,h:[117.49747468305826,1754.1379649275023], parent: ((148, 32))
330050 676.3685910701752 ((113, 24)), g,h:[154.3969696196701,1764.7946056127894], parent: ((114, 25))
331050 678.4709348678589 ((35, 39)), g,h:[226.1837661840738,1736.2603491412224], parent: ((36, 40))
332050 680.6208214759827 ((111, 16)), g,h:[159.71067811865495,1843.2851108821988], parent: ((112, 17))
333050 682.5342462062836 ((91, 55)), g,h:[162.72792206135787,1452.7904184706065], parent: ((92, 56))
334050 684.573700428009 ((126, 44)), g,h:[132.2842712474619,1581.5182578775373], parent: ((127, 45))
335050 686.7161767482758 ((98, 38)), g,h:[162.76955262170065,1620.1234520862909], parent: ((99, 39))
336050 688.7796368598938 ((182, 44)), g,h:[76.28427124746187,1762.3847480048164], parent: ((183, 45))
337050 690.8801045417786 ((107, 27)), g,h:[158.32590180780457,1731.415605797753], parent: ((108, 28))
338050 692.9995765686035 ((45, 37)), g,h:[216.1837661840738,1720.2906731131225], parent: ((46, 38))
339050 695.1610567569733 ((137, 19)), g,h:[131.6396103067892,1847.4306482247175], parent: ((138, 20))
340050 697.3135364055634 ((61, 23)), g,h:[205.982756057297,1812.4568960391857], parent: ((62, 24))
341050 699.1950931549072 ((85, 54)), g,h:[168.3137084989848,1467.6852523616908], parent: ((86, 55))
342050 701.199539899826 ((72, 48)), g,h:[183.79898987322343,1545.5743269089326], parent: ((73, 49))
343050 703.2292213439941 ((95, 37)), g,h:[165.35533905932752,1630.7666908543356], parent: ((96, 38))
344050 705.3034665584564 ((169, 38)), g,h:[90.94112549695423,1760.8236708995025], parent: ((170, 39))
345050 707.3734667301178 ((196, 43)), g,h:[61.87005768508877,1840.244548966251], parent: ((197, 44))
346050 709.4846022129059 ((122, 21)), g,h:[144.98275605729697,1803.4688796871433], parent: ((123, 22))
347050 711.6200778484344 ((225, 49)), g,h:[30.384776310850242,1960.2550854416882], parent: ((226, 50))
348050 713.7585530281067 ((60, 22)), g,h:[206.5685424949239,1824.3903091169936], parent: ((61, 23))
349050 715.6389718055725 ((123, 52)), g,h:[130.31370849898477,1497.7650015940417], parent: ((124, 53))
350050 717.6384167671204 ((114, 42)), g,h:[143.45584412271577,1586.1904047118683], parent: ((115, 43))
351050 719.6763489246368 ((164, 42)), g,h:[93.45584412271567,1704.6993869888026], parent: ((165, 43))
352050 721.7683217525482 ((97, 31)), g,h:[165.01219330881995,1690.266251216062], parent: ((98, 32))
353050 723.8557858467102 ((156, 29)), g,h:[106.84062043356587,1799.3609976877904], parent: ((157, 30))
354050 725.9682562351227 ((193, 36)), g,h:[66.94112549695423,1885.3381659532592], parent: ((194, 37))
355050 728.054737329483 ((229, 51)), g,h:[24.72792206135786,1970.8373854785686], parent: ((230, 52))
356050 730.1999671459198 ((62, 21)), g,h:[204.154328932551,1829.8907071188705], parent: ((63, 22))
357050 732.1234159469604 ((152, 54)), g,h:[99.65685424949238,1549.83870128475], parent: ((153, 54))
358050 734.0984134674072 ((162, 49)), g,h:[91.72792206135784,1632.3296235748464], parent: ((163, 50))
359050 736.1778769493103 ((52, 48)), g,h:[202.142135623731,1593.988707613702], parent: ((53, 49))
360050 738.253340959549 ((160, 35)), g,h:[99.52691193458114,1755.7049866079437], parent: ((161, 36))
361050 740.4346492290497 ((112, 25)), g,h:[151.66904755831214,1754.10946066658], parent: ((113, 26))
362050 742.7381610870361 ((186, 33)), g,h:[74.35533905932732,1878.4301956687132], parent: ((187, 34))
363050 745.0176720619202 ((145, 18)), g,h:[121.5685424949237,1874.8066566982313], parent: ((146, 19))
364050 747.256206035614 ((177, 21)), g,h:[88.32590180780443,1948.5892332659544], parent: ((178, 22))
365050 749.3649327754974 ((244, 52)), g,h:[8.485281374238571,2064.945519862449], parent: ((245, 53))
366050 751.3603763580322 ((160, 50)), g,h:[92.48528137423857,1615.5494421403512], parent: ((161, 51))
367050 753.4544095993042 ((181, 49)), g,h:[71.89949493661166,1713.534359153618], parent: ((182, 50))
368050 755.507866859436 ((49, 44)), g,h:[205.97056274847714,1641.2495239907914], parent: ((50, 44))
369050 757.5704336166382 ((142, 27)), g,h:[120.01219330881969,1780.2527910383965], parent: ((143, 28))
370050 759.6664979457855 ((70, 27)), g,h:[192.01219330881995,1755.8188972670273], parent: ((71, 28))
371050 761.7489607334137 ((209, 39)), g,h:[48.04163056034258,1944.2736432920137], parent: ((210, 40))
372050 763.8414278030396 ((143, 14)), g,h:[124.39696961966989,1909.0573590125573], parent: ((144, 15))
373050 765.9679021835327 ((173, 16)), g,h:[93.5685424949237,1979.520143873257], parent: ((174, 17))
374050 767.9093341827393 ((74, 51)), g,h:[177.2426406871193,1512.5144627407699], parent: ((75, 52))
375050 769.9257855415344 ((141, 39)), g,h:[115.21320343559638,1661.3849644197458], parent: ((142, 40))
376050 771.9912452697754 ((71, 37)), g,h:[186.04163056034278,1655.5965692160635], parent: ((72, 38))
377050 774.0767092704773 ((186, 39)), g,h:[70.2132034355964,1825.2944967867516], parent: ((187, 40))
378050 776.1631739139557 ((121, 21)), g,h:[142.66904755831214,1802.276338412065], parent: ((122, 22))
379050 778.2916505336761 ((59, 26)), g,h:[202.59797974644684,1787.6520914316634], parent: ((60, 27))
380050 780.4284274578094 ((131, 13)), g,h:[135.98275605729685,1895.521036549054], parent: ((132, 14))
381050 782.5859117507935 ((97, 10)), g,h:[171.22539674441634,1900.2368273454758], parent: ((98, 11))
382050 784.5863564014435 ((212, 51)), g,h:[38.41421356237309,1864.0010729610644], parent: ((213, 51))
383050 786.6250731945038 ((68, 47)), g,h:[184.07106781186553,1563.1058825300352], parent: ((69, 48))
384050 788.7187397480011 ((113, 33)), g,h:[144.8700576850889,1675.0522379914005], parent: ((114, 34))
385050 790.9936583042145 ((37, 46)), g,h:[215.48528137423864,1663.8810053606599], parent: ((38, 47))
386050 793.1768138408661 ((193, 38)), g,h:[62.79898987322329,1867.9668091269716], parent: ((194, 39))
387050 795.3693017959595 ((206, 39)), g,h:[49.3847763108502,1927.6151068094482], parent: ((207, 40))
388050 797.5317828655243 ((160, 18)), g,h:[104.08326112068514,1916.3506985935533], parent: ((161, 19))
389050 799.6982142925262 ((142, 11)), g,h:[124.98275605729678,1936.1043360315061], parent: ((143, 12))
390050 801.8301119804382 ((84, 9)), g,h:[183.8111831820432,1916.6898549321954], parent: ((85, 10))
391050 803.6906116008759 ((93, 48)), g,h:[157.8284271247462,1521.6109883935515], parent: ((94, 49))
392050 805.765073299408 ((120, 37)), g,h:[135.38477631085024,1642.224101637776], parent: ((121, 38))
393050 807.8703761100769 ((77, 35)), g,h:[179.21320343559645,1665.9531806146292], parent: ((78, 36))
395050 812.2757353782654 ((85, 23)), g,h:[176.18376618407373,1776.3445611704956], parent: ((86, 24))
396050 814.5087566375732 ((83, 19)), g,h:[179.84062043356616,1817.9658962697843], parent: ((84, 20))
397050 816.681720495224 ((22, 37)), g,h:[233.38477631085024,1807.0141117323906], parent: ((23, 38))
398050 818.8837614059448 ((183, 18)), g,h:[80.25483399593895,2000.32497359804], parent: ((184, 19))
399050 821.0457241535187 ((173, 11)), g,h:[93.1543289325506,2026.079958935481], parent: ((174, 12))
400050 822.8877265453339 ((235, 293)), g,h:[512.0904037956226,1639.3291310777101], parent: ((234, 292))
401050 824.6107044219971 ((225, 25)), g,h:[35.355339059327385,2150.5813167606566], parent: ((226, 26))
402050 826.2793707847595 ((57, 3)), g,h:[212.46803743153586,2016.382900145704], parent: ((58, 4))
403050 827.9190981388092 ((276, 60)), g,h:[30.142135623730955,2248.9108474992954], parent: ((275, 60))
404050 829.4884474277496 ((20, 7)), g,h:[247.81118318204344,2089.2343095019287], parent: ((21, 8))
405050 831.0267899036407 ((282, 48)), g,h:[32.82842712474619,2371.2443990445186], parent: ((281, 49))
406050 832.5311245918274 ((262, 17)), g,h:[37.970562748477136,2444.0335513245313], parent: ((261, 18))
834.100537776947